EIS Extracted Metrics
========================================

Rs_measured: 3.165904e+01
phase_max_deg: 6.350406e+01
sigma_input: 6.200000e+01
circuit: 2.000000e+00
R_film_measured: 0.000000e+00
omega_film: 0.000000e+00
Rct_measured: 3.044316e+03
omega_max: 1.447101e+03
f_max_Hz: 2.303132e+02
Cdl_eff: 2.269925e-07
