EIS Extracted Metrics
========================================

Rs_measured: 2.433284e+01
phase_max_deg: 6.156170e+01
sigma_input: 5.400000e+01
circuit: 2.000000e+00
R_film_measured: 0.000000e+00
omega_film: 0.000000e+00
Rct_measured: 2.431128e+03
omega_max: 1.447101e+03
f_max_Hz: 2.303132e+02
Cdl_eff: 2.842455e-07
