EIS Simulation Parameters
========================================

metals: Au,Cu
fractions: 0.7000,0.3000
pH: 11.0
f_min_Hz: 0.01
f_max_Hz: 100000.0
n_points_per_decade: 10

Circuit Parameters (SI)
----------------------------------------
Rs: 1.000000e+01
Rct: 2.600000e+03
Q0: 1.177050e-06
n: 8.090000e-01
sigma: 6.200000e+01
R_film: 3.450000e+02
Q_film: 1.610700e-07
n_film: 8.760000e-01
