EIS Extracted Metrics
========================================

Rs_measured: 1.749919e+02
phase_max_deg: 5.174559e+01
sigma_input: 5.025000e+01
circuit: 2.000000e+00
R_film_measured: 3.978037e+01
omega_film: 4.974284e+05
Rct_measured: 4.776631e+03
omega_max: 7.180437e+02
f_max_Hz: 1.142802e+02
Cdl_eff: 2.915596e-07
