EIS Simulation Parameters
========================================

metals: Au,Ni,Cu
fractions: 0.7000,0.2500,0.0500
pH: 7.0
f_min_Hz: 0.01
f_max_Hz: 100000.0
n_points_per_decade: 10

Circuit Parameters (SI)
----------------------------------------
Rs: 6.000000e+01
Rct: 4.306500e+03
Q0: 7.301250e-07
n: 8.615000e-01
sigma: 5.025000e+01
R_film: 2.200000e+02
Q_film: 3.097500e-08
n_film: 8.895000e-01
