EIS Simulation Parameters
========================================

metals: Au,Ni
fractions: 0.8500,0.1500
pH: 7.0
f_min_Hz: 0.01
f_max_Hz: 100000.0
n_points_per_decade: 10

Circuit Parameters (SI)
----------------------------------------
Rs: 6.000000e+01
Rct: 4.671800e+03
Q0: 5.752500e-07
n: 9.040000e-01
sigma: 4.725000e+01
R_film: 1.200000e+02
Q_film: 1.327500e-08
n_film: 8.955000e-01
