EIS Extracted Metrics
========================================

Rs_measured: 2.265426e+01
phase_max_deg: 5.895204e+01
sigma_input: 5.000000e+01
circuit: 2.000000e+00
R_film_measured: 0.000000e+00
omega_film: 0.000000e+00
Rct_measured: 2.269723e+03
omega_max: 1.447101e+03
f_max_Hz: 2.303132e+02
Cdl_eff: 3.044587e-07
