EIS Simulation Parameters
========================================

metals: Au
fractions: 1.0000
pH: 11.0
f_min_Hz: 0.01
f_max_Hz: 100000.0
n_points_per_decade: 10

Circuit Parameters (SI)
----------------------------------------
Rs: 1.000000e+01
Rct: 2.000000e+03
Q0: 6.195000e-07
n: 9.200000e-01
sigma: 5.000000e+01
R_film: 1.500000e+02
Q_film: 1.770000e-07
n_film: 9.000000e-01
