EIS Simulation Parameters
========================================

metals: Au,Ni,Cu
fractions: 0.7000,0.2000,0.1000
pH: 3.0
f_min_Hz: 0.01
f_max_Hz: 100000.0
n_points_per_decade: 10

Circuit Parameters (SI)
----------------------------------------
Rs: 4.000000e+01
Rct: 1.021760e+03
Q0: 9.027000e-07
n: 8.590000e-01
sigma: 6.600000e+01
R_film: 0.000000e+00
Q_film: 0.000000e+00
n_film: 8.880000e-01
