EIS Simulation Parameters
========================================

metals: Au,Ni,Cu
fractions: 0.7500,0.2000,0.0500
pH: 7.0
f_min_Hz: 0.01
f_max_Hz: 100000.0
n_points_per_decade: 10

Circuit Parameters (SI)
----------------------------------------
Rs: 6.000000e+01
Rct: 4.414400e+03
Q0: 6.858750e-07
n: 8.735000e-01
sigma: 4.950000e+01
R_film: 1.800000e+02
Q_film: 2.655000e-08
n_film: 8.910000e-01
