EIS Extracted Metrics
========================================

Rs_measured: 4.376567e+01
phase_max_deg: 5.442025e+01
sigma_input: 6.750000e+01
circuit: 1.000000e+00
R_film_measured: 0.000000e+00
omega_film: 0.000000e+00
Rct_measured: 1.011119e+03
omega_max: 3.683798e+03
f_max_Hz: 5.862947e+02
Cdl_eff: 2.684739e-07
