EIS Simulation Parameters
========================================

metals: Au,Ni,Cu
fractions: 0.6000,0.3000,0.1000
pH: 3.0
f_min_Hz: 0.01
f_max_Hz: 100000.0
n_points_per_decade: 10
E_ocp_V_vs_AgAgCl: 0.2270

Circuit Parameters (SI)
----------------------------------------
Rs: 4.000000e+01
Rct: 9.682400e+02
Q0: 1.008900e-06
n: 8.360000e-01
sigma: 6.750000e+01
R_film: 0.000000e+00
Q_film: 0.000000e+00
n_film: 8.850000e-01
E_ocp: 2.270000e-01
