EIS Simulation Parameters
========================================

metals: Au,Ni
fractions: 0.9000,0.1000
pH: 3.0
f_min_Hz: 0.01
f_max_Hz: 100000.0
n_points_per_decade: 10
E_ocp_V_vs_AgAgCl: 0.4250

Circuit Parameters (SI)
----------------------------------------
Rs: 4.000000e+01
Rct: 1.145400e+03
Q0: 6.372000e-07
n: 9.170000e-01
sigma: 6.150000e+01
R_film: 0.000000e+00
Q_film: 0.000000e+00
n_film: 8.970000e-01
E_ocp: 4.250000e-01
