EIS Simulation Parameters
========================================

metals: Au,Ni,Cu
fractions: 0.6000,0.1000,0.3000
pH: 7.0
f_min_Hz: 0.01
f_max_Hz: 100000.0
n_points_per_decade: 10

Circuit Parameters (SI)
----------------------------------------
Rs: 6.000000e+01
Rct: 3.735000e+03
Q0: 9.292500e-07
n: 8.050000e-01
sigma: 5.650000e+01
R_film: 1.200000e+02
Q_film: 5.310000e-08
n_film: 8.790000e-01
