EIS Extracted Metrics
========================================

Rs_measured: 2.192878e+01
phase_max_deg: 6.517517e+01
sigma_input: 5.500000e+01
circuit: 2.000000e+00
R_film_measured: 0.000000e+00
omega_film: 0.000000e+00
Rct_measured: 3.100736e+03
omega_max: 1.145643e+03
f_max_Hz: 1.823348e+02
Cdl_eff: 2.815048e-07
