EIS Extracted Metrics
========================================

Rs_measured: 6.076670e+01
phase_max_deg: 7.233811e+01
sigma_input: 4.500000e+01
circuit: 1.000000e+00
R_film_measured: 0.000000e+00
omega_film: 0.000000e+00
Rct_measured: 4.685350e+03
omega_max: 7.180437e+02
f_max_Hz: 1.142802e+02
Cdl_eff: 2.972399e-07
