EIS Simulation Parameters
========================================

metals: Au
fractions: 1.0000
pH: 7.0
f_min_Hz: 0.01
f_max_Hz: 100000.0
n_points_per_decade: 10
E_ocp_V_vs_AgAgCl: 0.1500

Circuit Parameters (SI)
----------------------------------------
Rs: 6.000000e+01
Rct: 5.000000e+03
Q0: 4.425000e-07
n: 9.400000e-01
sigma: 4.500000e+01
R_film: 0.000000e+00
Q_film: 0.000000e+00
n_film: 9.000000e-01
E_ocp: 1.500000e-01
