EIS Extracted Metrics
========================================

Rs_measured: 1.721880e+02
phase_max_deg: 5.760436e+01
sigma_input: 4.875000e+01
circuit: 2.000000e+00
R_film_measured: 0.000000e+00
omega_film: 0.000000e+00
Rct_measured: 4.649459e+03
omega_max: 7.180437e+02
f_max_Hz: 1.142802e+02
Cdl_eff: 2.995344e-07
