EIS Extracted Metrics
========================================

Rs_measured: 1.563651e+02
phase_max_deg: 5.805849e+01
sigma_input: 4.950000e+01
circuit: 2.000000e+00
R_film_measured: 0.000000e+00
omega_film: 0.000000e+00
Rct_measured: 4.666555e+03
omega_max: 7.180437e+02
f_max_Hz: 1.142802e+02
Cdl_eff: 2.984370e-07
