EIS Extracted Metrics
========================================

Rs_measured: 1.491468e+02
phase_max_deg: 4.540097e+01
sigma_input: 6.150000e+01
circuit: 2.000000e+00
R_film_measured: 0.000000e+00
omega_film: 0.000000e+00
Rct_measured: 3.113719e+03
omega_max: 1.827881e+03
f_max_Hz: 2.909163e+02
Cdl_eff: 1.757003e-07
