EIS Simulation Parameters
========================================

metals: Au,Ni,Cu
fractions: 0.4000,0.3000,0.3000
pH: 7.0
f_min_Hz: 0.01
f_max_Hz: 100000.0
n_points_per_decade: 10
E_ocp_V_vs_AgAgCl: -0.0600

Circuit Parameters (SI)
----------------------------------------
Rs: 6.000000e+01
Rct: 3.013400e+03
Q0: 1.106250e-06
n: 7.570000e-01
sigma: 6.150000e+01
R_film: 1.200000e+02
Q_film: 5.310000e-08
n_film: 8.730000e-01
E_ocp: -6.000000e-02
