EIS Extracted Metrics
========================================

Rs_measured: 6.273616e+01
phase_max_deg: 6.471115e+01
sigma_input: 5.250000e+01
circuit: 1.000000e+00
R_film_measured: 0.000000e+00
omega_film: 0.000000e+00
Rct_measured: 3.832043e+03
omega_max: 9.069851e+02
f_max_Hz: 1.443512e+02
Cdl_eff: 2.877196e-07
