EIS Simulation Parameters
========================================

metals: Au,Ni
fractions: 0.7000,0.3000
pH: 7.0
f_min_Hz: 0.01
f_max_Hz: 100000.0
n_points_per_decade: 10

Circuit Parameters (SI)
----------------------------------------
Rs: 6.000000e+01
Rct: 3.902600e+03
Q0: 7.080000e-07
n: 8.680000e-01
sigma: 5.250000e+01
R_film: 0.000000e+00
Q_film: 0.000000e+00
n_film: 8.910000e-01
