EIS Simulation Parameters
========================================

metals: Au,Ni
fractions: 0.8500,0.1500
pH: 11.0
f_min_Hz: 0.01
f_max_Hz: 100000.0
n_points_per_decade: 10

Circuit Parameters (SI)
----------------------------------------
Rs: 1.000000e+01
Rct: 2.882600e+03
Q0: 8.053500e-07
n: 8.840000e-01
sigma: 5.750000e+01
R_film: 4.275000e+02
Q_film: 1.584150e-07
n_film: 8.925000e-01
