EIS Simulation Parameters
========================================

metals: Au,Ni
fractions: 0.7500,0.2500
pH: 7.0
f_min_Hz: 0.01
f_max_Hz: 100000.0
n_points_per_decade: 10

Circuit Parameters (SI)
----------------------------------------
Rs: 6.000000e+01
Rct: 4.455000e+03
Q0: 6.637500e-07
n: 8.800000e-01
sigma: 4.875000e+01
R_film: 2.000000e+02
Q_film: 2.212500e-08
n_film: 8.925000e-01
