EIS Simulation Parameters
========================================

metals: Au,Ni,Cu
fractions: 0.7000,0.2000,0.1000
pH: 11.0
f_min_Hz: 0.01
f_max_Hz: 100000.0
n_points_per_decade: 10

Circuit Parameters (SI)
----------------------------------------
Rs: 1.000000e+01
Rct: 3.372800e+03
Q0: 1.053150e-06
n: 8.350000e-01
sigma: 6.400000e+01
R_film: 5.850000e+02
Q_film: 1.469100e-07
n_film: 8.820000e-01
