EIS Extracted Metrics
========================================

Rs_measured: 2.595600e+01
phase_max_deg: 6.835412e+01
sigma_input: 6.500000e+01
circuit: 2.000000e+00
R_film_measured: 0.000000e+00
omega_film: 0.000000e+00
Rct_measured: 5.172119e+03
omega_max: 7.180437e+02
f_max_Hz: 1.142802e+02
Cdl_eff: 2.692655e-07
