EIS Simulation Parameters
========================================

metals: Au,Ni
fractions: 0.7000,0.3000
pH: 11.0
f_min_Hz: 0.01
f_max_Hz: 100000.0
n_points_per_decade: 10

Circuit Parameters (SI)
----------------------------------------
Rs: 1.000000e+01
Rct: 3.754400e+03
Q0: 9.912000e-07
n: 8.480000e-01
sigma: 6.500000e+01
R_film: 7.050000e+02
Q_film: 1.398300e-07
n_film: 8.850000e-01
