EIS Extracted Metrics
========================================

Rs_measured: 1.635877e+02
phase_max_deg: 5.205430e+01
sigma_input: 5.100000e+01
circuit: 2.000000e+00
R_film_measured: 3.641182e+01
omega_film: 4.974284e+05
Rct_measured: 4.103616e+03
omega_max: 9.069851e+02
f_max_Hz: 1.443512e+02
Cdl_eff: 2.686786e-07
