EIS Simulation Parameters
========================================

metals: Au,Ni,Cu
fractions: 0.7000,0.2000,0.1000
pH: 7.0
f_min_Hz: 0.01
f_max_Hz: 100000.0
n_points_per_decade: 10

Circuit Parameters (SI)
----------------------------------------
Rs: 6.000000e+01
Rct: 4.265600e+03
Q0: 7.522500e-07
n: 8.550000e-01
sigma: 5.100000e+01
R_film: 2.000000e+02
Q_film: 3.540000e-08
n_film: 8.880000e-01
