EIS Extracted Metrics
========================================

Rs_measured: 5.043432e+01
phase_max_deg: 4.783671e+01
sigma_input: 7.350000e+01
circuit: 1.000000e+00
R_film_measured: 0.000000e+00
omega_film: 0.000000e+00
Rct_measured: 7.988714e+02
omega_max: 7.424097e+03
f_max_Hz: 1.181582e+03
Cdl_eff: 1.686085e-07
