EIS Simulation Parameters
========================================

metals: Au,Ni,Cu
fractions: 0.8000,0.1000,0.1000
pH: 3.0
f_min_Hz: 0.01
f_max_Hz: 100000.0
n_points_per_decade: 10

Circuit Parameters (SI)
----------------------------------------
Rs: 4.000000e+01
Rct: 1.075680e+03
Q0: 7.965000e-07
n: 8.820000e-01
sigma: 6.450000e+01
R_film: 0.000000e+00
Q_film: 0.000000e+00
n_film: 8.910000e-01
