EIS Extracted Metrics
========================================

Rs_measured: 1.515734e+02
phase_max_deg: 6.091018e+01
sigma_input: 4.800000e+01
circuit: 2.000000e+00
R_film_measured: 0.000000e+00
omega_film: 0.000000e+00
Rct_measured: 4.597741e+03
omega_max: 7.180437e+02
f_max_Hz: 1.142802e+02
Cdl_eff: 3.029037e-07
