EIS Simulation Parameters
========================================

metals: Au,Ni,Cu
fractions: 0.6000,0.3000,0.1000
pH: 7.0
f_min_Hz: 0.01
f_max_Hz: 100000.0
n_points_per_decade: 10

Circuit Parameters (SI)
----------------------------------------
Rs: 6.000000e+01
Rct: 3.606200e+03
Q0: 8.407500e-07
n: 8.310000e-01
sigma: 5.550000e+01
R_film: 4.000000e+01
Q_film: 1.770000e-08
n_film: 8.850000e-01
