EIS Simulation Parameters
========================================

metals: Au,Ni,Cu
fractions: 0.7000,0.2500,0.0500
pH: 11.0
f_min_Hz: 0.01
f_max_Hz: 100000.0
n_points_per_decade: 10

Circuit Parameters (SI)
----------------------------------------
Rs: 1.000000e+01
Rct: 3.564000e+03
Q0: 1.022175e-06
n: 8.415000e-01
sigma: 6.450000e+01
R_film: 6.450000e+02
Q_film: 1.433700e-07
n_film: 8.835000e-01
