EIS Extracted Metrics
========================================

Rs_measured: 2.409805e+01
phase_max_deg: 6.652736e+01
sigma_input: 5.950000e+01
circuit: 2.000000e+00
R_film_measured: 0.000000e+00
omega_film: 0.000000e+00
Rct_measured: 3.936588e+03
omega_max: 9.069851e+02
f_max_Hz: 1.443512e+02
Cdl_eff: 2.800786e-07
