EIS Simulation Parameters
========================================

metals: Au,Ni,Cu
fractions: 0.8000,0.1500,0.0500
pH: 11.0
f_min_Hz: 0.01
f_max_Hz: 100000.0
n_points_per_decade: 10

Circuit Parameters (SI)
----------------------------------------
Rs: 1.000000e+01
Rct: 2.982000e+03
Q0: 8.982750e-07
n: 8.655000e-01
sigma: 5.950000e+01
R_film: 4.600000e+02
Q_film: 1.557600e-07
n_film: 8.885000e-01
