EIS Simulation Parameters
========================================

metals: Au,Ni
fractions: 0.7500,0.2500
pH: 11.0
f_min_Hz: 0.01
f_max_Hz: 100000.0
n_points_per_decade: 10

Circuit Parameters (SI)
----------------------------------------
Rs: 1.000000e+01
Rct: 3.465000e+03
Q0: 9.292500e-07
n: 8.600000e-01
sigma: 6.250000e+01
R_film: 6.125000e+02
Q_film: 1.460250e-07
n_film: 8.875000e-01
