EIS Simulation Parameters
========================================

metals: Au,Cu
fractions: 0.9500,0.0500
pH: 7.0
f_min_Hz: 0.01
f_max_Hz: 100000.0
n_points_per_decade: 10

Circuit Parameters (SI)
----------------------------------------
Rs: 6.000000e+01
Rct: 4.850000e+03
Q0: 5.088750e-07
n: 9.215000e-01
sigma: 4.650000e+01
R_film: 2.000000e+01
Q_film: 8.850000e-09
n_film: 8.970000e-01
