EIS Simulation Parameters
========================================

metals: Au,Ni,Cu
fractions: 0.7500,0.2000,0.0500
pH: 11.0
f_min_Hz: 0.01
f_max_Hz: 100000.0
n_points_per_decade: 10

Circuit Parameters (SI)
----------------------------------------
Rs: 1.000000e+01
Rct: 3.273600e+03
Q0: 9.602250e-07
n: 8.535000e-01
sigma: 6.200000e+01
R_film: 5.525000e+02
Q_film: 1.495650e-07
n_film: 8.860000e-01
