EIS Simulation Parameters
========================================

metals: Au,Ni,Cu
fractions: 0.7500,0.1500,0.1000
pH: 3.0
f_min_Hz: 0.01
f_max_Hz: 100000.0
n_points_per_decade: 10

Circuit Parameters (SI)
----------------------------------------
Rs: 4.000000e+01
Rct: 1.048670e+03
Q0: 8.496000e-07
n: 8.705000e-01
sigma: 6.525000e+01
R_film: 0.000000e+00
Q_film: 0.000000e+00
n_film: 8.895000e-01
