EIS Extracted Metrics
========================================

Rs_measured: 1.344472e+02
phase_max_deg: 5.341602e+01
sigma_input: 5.400000e+01
circuit: 2.000000e+00
R_film_measured: 0.000000e+00
omega_film: 0.000000e+00
Rct_measured: 4.269818e+03
omega_max: 9.069851e+02
f_max_Hz: 1.443512e+02
Cdl_eff: 2.582204e-07
