EIS Simulation Parameters
========================================

metals: Au,Cu
fractions: 0.9000,0.1000
pH: 7.0
f_min_Hz: 0.01
f_max_Hz: 100000.0
n_points_per_decade: 10

Circuit Parameters (SI)
----------------------------------------
Rs: 6.000000e+01
Rct: 4.700000e+03
Q0: 5.752500e-07
n: 9.030000e-01
sigma: 4.800000e+01
R_film: 4.000000e+01
Q_film: 1.770000e-08
n_film: 8.940000e-01
