EIS Simulation Parameters
========================================

metals: Au,Cu
fractions: 0.7000,0.3000
pH: 7.0
f_min_Hz: 0.01
f_max_Hz: 100000.0
n_points_per_decade: 10
E_ocp_V_vs_AgAgCl: 0.0450

Circuit Parameters (SI)
----------------------------------------
Rs: 6.000000e+01
Rct: 4.100000e+03
Q0: 8.407500e-07
n: 8.290000e-01
sigma: 5.400000e+01
R_film: 1.200000e+02
Q_film: 5.310000e-08
n_film: 8.820000e-01
E_ocp: 4.500000e-02
