EIS Extracted Metrics
========================================

Rs_measured: 2.333595e+01
phase_max_deg: 6.047144e+01
sigma_input: 5.200000e+01
circuit: 2.000000e+00
R_film_measured: 0.000000e+00
omega_film: 0.000000e+00
Rct_measured: 2.334803e+03
omega_max: 1.447101e+03
f_max_Hz: 2.303132e+02
Cdl_eff: 2.959723e-07
