EIS Simulation Parameters
========================================

metals: Au,Cu
fractions: 0.9000,0.1000
pH: 11.0
f_min_Hz: 0.01
f_max_Hz: 100000.0
n_points_per_decade: 10

Circuit Parameters (SI)
----------------------------------------
Rs: 1.000000e+01
Rct: 2.200000e+03
Q0: 8.053500e-07
n: 8.830000e-01
sigma: 5.400000e+01
R_film: 2.150000e+02
Q_film: 1.716900e-07
n_film: 8.920000e-01
