EIS Simulation Parameters
========================================

metals: Au,Cu
fractions: 0.9500,0.0500
pH: 11.0
f_min_Hz: 0.01
f_max_Hz: 100000.0
n_points_per_decade: 10

Circuit Parameters (SI)
----------------------------------------
Rs: 1.000000e+01
Rct: 2.100000e+03
Q0: 7.124250e-07
n: 9.015000e-01
sigma: 5.200000e+01
R_film: 1.825000e+02
Q_film: 1.743450e-07
n_film: 8.960000e-01
