EIS Simulation Parameters
========================================

metals: Au,Ni
fractions: 0.7000,0.3000
pH: 3.0
f_min_Hz: 0.01
f_max_Hz: 100000.0
n_points_per_decade: 10
E_ocp_V_vs_AgAgCl: 0.2750

Circuit Parameters (SI)
----------------------------------------
Rs: 4.000000e+01
Rct: 1.037400e+03
Q0: 8.496000e-07
n: 8.710000e-01
sigma: 6.450000e+01
R_film: 0.000000e+00
Q_film: 0.000000e+00
n_film: 8.910000e-01
E_ocp: 2.750000e-01
