EIS Simulation Parameters
========================================

metals: Au,Ni,Cu
fractions: 0.8000,0.1500,0.0500
pH: 3.0
f_min_Hz: 0.01
f_max_Hz: 100000.0
n_points_per_decade: 10

Circuit Parameters (SI)
----------------------------------------
Rs: 4.000000e+01
Rct: 1.083460e+03
Q0: 7.699500e-07
n: 8.880000e-01
sigma: 6.375000e+01
R_film: 0.000000e+00
Q_film: 0.000000e+00
n_film: 8.925000e-01
