EIS Extracted Metrics
========================================

Rs_measured: 2.596310e+01
phase_max_deg: 6.648124e+01
sigma_input: 6.150000e+01
circuit: 2.000000e+00
R_film_measured: 0.000000e+00
omega_film: 0.000000e+00
Rct_measured: 4.084184e+03
omega_max: 9.069851e+02
f_max_Hz: 1.443512e+02
Cdl_eff: 2.699570e-07
