EIS Simulation Parameters
========================================

metals: Au,Ni
fractions: 0.8000,0.2000
pH: 7.0
f_min_Hz: 0.01
f_max_Hz: 100000.0
n_points_per_decade: 10

Circuit Parameters (SI)
----------------------------------------
Rs: 6.000000e+01
Rct: 4.563200e+03
Q0: 6.195000e-07
n: 8.920000e-01
sigma: 4.800000e+01
R_film: 1.600000e+02
Q_film: 1.770000e-08
n_film: 8.940000e-01
