EIS Extracted Metrics
========================================

Rs_measured: 4.184060e+01
phase_max_deg: 5.892075e+01
sigma_input: 6.375000e+01
circuit: 1.000000e+00
R_film_measured: 0.000000e+00
omega_film: 0.000000e+00
Rct_measured: 1.088849e+03
omega_max: 2.916396e+03
f_max_Hz: 4.641589e+02
Cdl_eff: 3.149096e-07
