EIS Simulation Parameters
========================================

metals: Au,Ni,Cu
fractions: 0.6000,0.1000,0.3000
pH: 11.0
f_min_Hz: 0.01
f_max_Hz: 100000.0
n_points_per_decade: 10
E_ocp_V_vs_AgAgCl: -0.1700

Circuit Parameters (SI)
----------------------------------------
Rs: 1.000000e+01
Rct: 3.187200e+03
Q0: 1.300950e-06
n: 7.850000e-01
sigma: 6.700000e+01
R_film: 5.300000e+02
Q_film: 1.486800e-07
n_film: 8.710000e-01
E_ocp: -1.700000e-01
