EIS Simulation Parameters
========================================

metals: Au,Ni,Cu
fractions: 0.8500,0.0500,0.1000
pH: 11.0
f_min_Hz: 0.01
f_max_Hz: 100000.0
n_points_per_decade: 10

Circuit Parameters (SI)
----------------------------------------
Rs: 1.000000e+01
Rct: 2.495000e+03
Q0: 8.673000e-07
n: 8.710000e-01
sigma: 5.650000e+01
R_film: 3.075000e+02
Q_film: 1.654950e-07
n_film: 8.895000e-01
