EIS Extracted Metrics
========================================

Rs_measured: 4.126060e+01
phase_max_deg: 6.117762e+01
sigma_input: 6.225000e+01
circuit: 1.000000e+00
R_film_measured: 0.000000e+00
omega_film: 0.000000e+00
Rct_measured: 1.058864e+03
omega_max: 2.916396e+03
f_max_Hz: 4.641589e+02
Cdl_eff: 3.238273e-07
