EIS Simulation Parameters
========================================

metals: Au,Ni
fractions: 0.8500,0.1500
pH: 3.0
f_min_Hz: 0.01
f_max_Hz: 100000.0
n_points_per_decade: 10

Circuit Parameters (SI)
----------------------------------------
Rs: 4.000000e+01
Rct: 1.118250e+03
Q0: 6.903000e-07
n: 9.055000e-01
sigma: 6.225000e+01
R_film: 0.000000e+00
Q_film: 0.000000e+00
n_film: 8.955000e-01
