EIS Extracted Metrics
========================================

Rs_measured: 6.122798e+01
phase_max_deg: 6.983052e+01
sigma_input: 4.750000e+01
circuit: 1.000000e+00
R_film_measured: 0.000000e+00
omega_film: 0.000000e+00
Rct_measured: 4.561243e+03
omega_max: 7.180437e+02
f_max_Hz: 1.142802e+02
Cdl_eff: 3.053275e-07
