EIS Simulation Parameters
========================================

metals: Au,Ni
fractions: 0.9000,0.1000
pH: 7.0
f_min_Hz: 0.01
f_max_Hz: 100000.0
n_points_per_decade: 10
E_ocp_V_vs_AgAgCl: 0.1150

Circuit Parameters (SI)
----------------------------------------
Rs: 6.000000e+01
Rct: 4.631400e+03
Q0: 5.310000e-07
n: 9.160000e-01
sigma: 4.750000e+01
R_film: 0.000000e+00
Q_film: 0.000000e+00
n_film: 8.970000e-01
E_ocp: 1.150000e-01
