EIS Simulation Parameters
========================================

metals: Au,Ni,Cu
fractions: 0.8000,0.1000,0.1000
pH: 11.0
f_min_Hz: 0.01
f_max_Hz: 100000.0
n_points_per_decade: 10
E_ocp_V_vs_AgAgCl: -0.1100

Circuit Parameters (SI)
----------------------------------------
Rs: 1.000000e+01
Rct: 2.788800e+03
Q0: 9.292500e-07
n: 8.590000e-01
sigma: 5.900000e+01
R_film: 4.000000e+02
Q_film: 1.593000e-07
n_film: 8.870000e-01
E_ocp: -1.100000e-01
