EIS Simulation Parameters
========================================

metals: Au,Ni,Cu
fractions: 0.9000,0.0500,0.0500
pH: 11.0
f_min_Hz: 0.01
f_max_Hz: 100000.0
n_points_per_decade: 10

Circuit Parameters (SI)
----------------------------------------
Rs: 1.000000e+01
Rct: 2.395200e+03
Q0: 7.743750e-07
n: 8.895000e-01
sigma: 5.450000e+01
R_film: 2.750000e+02
Q_film: 1.681500e-07
n_film: 8.935000e-01
