EIS Extracted Metrics
========================================

Rs_measured: 4.537980e+01
phase_max_deg: 5.229786e+01
sigma_input: 7.050000e+01
circuit: 1.000000e+00
R_film_measured: 0.000000e+00
omega_film: 0.000000e+00
Rct_measured: 9.301093e+02
omega_max: 4.653129e+03
f_max_Hz: 7.405685e+02
Cdl_eff: 2.310580e-07
